       -0.8965832884380813       -0.4428751595857955       -0.5000000000521634
       -0.9340181736422682       -0.3572254908238802       -0.3270910578484943
       -0.8959629748088881       -0.4441287513453816       -0.1681520993217842
       -0.9354916595223585       -0.3533487724106366       -0.0168074096646521
       -0.9275890879169209       -0.3736020395788210        0.1665578726277752
       -0.8835008327669226       -0.4684295875584235        0.3364518289807075
       -0.9287861772296385       -0.3706160254924749        0.5000000000572895
       -0.9633842685420306       -0.2681245084515783       -0.5000000000523018
       -0.9809881151853241       -0.1940678168771126       -0.3337068150357432
       -0.9685593190548339       -0.2487827274390980       -0.1538336363486874
       -0.9777872667750501       -0.2095997635879408        0.0495566777996478
       -0.9795931649929792       -0.2009906244058111        0.2208520866092818
       -0.9581332517820327       -0.2863226684517239        0.3498244588485983
       -0.9806801234378884       -0.1956182408860368        0.5000000000477995
       -0.9952036363309362       -0.0978249560085361       -0.5000000000570206
       -0.9998982766720351        0.0142630872174097       -0.3343106248152553
       -0.9962424207401391       -0.0866085363285905       -0.1921352545439919
       -0.9979818981971226       -0.0634990504522828       -0.0434146440549822
       -0.9992113216558679       -0.0397081092600081        0.1471071415723058
       -0.9971101542202438       -0.0759693345286244        0.3355519551080814
       -0.9998975170599536       -0.0143162613012131        0.5000000000634992
       -0.9963353737126709        0.0855325784295075       -0.5000000000572802
       -0.9829796786914951        0.1837143197455365       -0.3338036614158041
       -0.9943958516836700        0.1057208078516686       -0.1569532801644667
       -0.9941659469266007        0.1078613405395984        0.0300536031669123
       -0.9940836370915469        0.1086173183211976        0.2219955796283887
       -0.9934363896151258        0.1143859247830087        0.3644890581097966
       -0.9876031046308532        0.1569716792708065        0.5000000000730914
       -0.9642078345522649        0.2651476035008274       -0.5000000000754774
       -0.9349504991444376        0.3547781900120616       -0.3680917648317766
       -0.9506736049419844        0.3101929993836284       -0.2094565100450532
       -0.9613516260807903        0.2753235376736525       -0.0412868588852603
       -0.9625004694482663        0.2712800145358090        0.1396646040930000
       -0.9544185553511838        0.2984714746862078        0.3172917321341297
       -0.9552489667694566        0.2958029945498022        0.5000000000360690
       -0.8095444294168699       -0.5870586140430696       -0.5000000000646144
       -0.8489100473281711       -0.5285373511354543       -0.3342415155449008
       -0.8083851701399705       -0.5886539011704740       -0.1756598810254693
       -0.8605936101839011       -0.5092922914020701        0.0027300863134301
       -0.8250592523205800       -0.5650462180844084        0.1713245131042135
       -0.7771195752532510       -0.6293529739011381        0.3373830294515026
       -0.8324077568833101       -0.5541636272313123        0.5000000000506726
       -0.7992517665523119       -0.3314260771972863       -0.5000000000000000
       -0.7677928773690234       -0.4413631527993616       -0.3384074603435825
       -0.8025888587563081       -0.3228650399979810       -0.1748053773552064
       -0.7777450056379198       -0.3390227810647181        0.0234895626629807
       -0.7918884619266668       -0.4246034806978502        0.1814689638668127
       -0.7904587480563521       -0.3140017516804040        0.3222445113739076
       -0.7907019838703861       -0.4069291252989558        0.5000000000000000
       -0.8018125702722826       -0.1528274511486494       -0.5000000000000000
       -0.8031668052992864       -0.2360847222558459       -0.3520418900073171
       -0.7884483302742246       -0.1513070666485110       -0.1978516372307915
       -0.8178923304523502       -0.1853882809235432       -0.0395605034219781
       -0.8084067103492051       -0.2226444733927795        0.1558388368980123
       -0.8128421577474986       -0.1506131012916448        0.3499843930448217
       -0.7951169938642225       -0.2314619141034092        0.5000000000000000
       -0.8445830726952304        0.0045832963399808       -0.5000000000000000
       -0.8795590979879913       -0.0791789654132220       -0.3431810732567748
       -0.8406488880427477       -0.0079995331157924       -0.1614863578827154
       -0.8471063239379341       -0.0519896535591505        0.0473276367405284
       -0.8215008751768642       -0.0620581583928133        0.2106763508411768
       -0.8304040829211730        0.0306504956659012        0.3407942538006909
       -0.8591879548021082       -0.0671892036493637        0.5000000000000000
       -0.8360527705844962        0.1796540471132690       -0.5000000000000000
       -0.8289840745961313        0.0981458227578225       -0.3304152765011523
       -0.8555652307573406        0.1776752138039361       -0.1693052225614265
       -0.8314806056425015        0.1058224087353531       -0.0226342238378799
       -0.8415088032545441        0.1100088406166999        0.1498939384874787
       -0.8328758969625573        0.1915985793342274        0.3143305696403974
       -0.8286426448825355        0.1018753700932220        0.5000000000000000
       -0.7770950507696500        0.3296536490583912       -0.5000000000000000
       -0.7822989607602061        0.2518716378363539       -0.3272284846298367
       -0.7792472073596122        0.3199119474296504       -0.1429075801922479
       -0.7865556886674457        0.2543091496346082        0.0219682615883840
       -0.7874045609698443        0.3040090004489188        0.1817382993281059
       -0.7558249184700718        0.3378623055522552        0.3544086101781852
       -0.7918119837649820        0.2533797013140980        0.5000000000000000
       -0.8951657856300536        0.4457333462113481       -0.5000000000482856
       -0.8773435654204628        0.4798627589052016       -0.2899596680327631
       -0.8896374212633477        0.4566675581732306       -0.1100614494627043
       -0.9030893715681023        0.4294526597434575        0.0545147234216615
       -0.8901510371504729        0.4556655910775822        0.2134814530567708
       -0.8853176107227988        0.4649868042687607        0.3626094198337911
       -0.9015785808911704        0.4326153748879260        0.5000000000742513
       -0.8193906130316588        0.5732355742716324       -0.5000000000510642
       -0.7873889850673432        0.6164564755070866       -0.3440393879402390
       -0.7954157294150371        0.6060642023739272       -0.1771086815154634
       -0.8018358753320879        0.5975443322720285       -0.0147831493432422
       -0.8059595208427680        0.5919706502165988        0.1507117473056478
       -0.7778866918969662        0.6284045628172940        0.3240572475924234
       -0.8132734726251375        0.5818816539435286        0.5000000000565510
       -0.6896767224109243       -0.7241174063452399       -0.5000000000593576
       -0.7454008194800061       -0.6666165451881131       -0.3469034835392357
       -0.6908920841016910       -0.7229579010978905       -0.1613307532375301
       -0.7578151242679403       -0.6524693383069939        0.0062357204102532
       -0.7024182060721965       -0.7117644721242538        0.1617194893926768
       -0.6509539816687843       -0.7591171936858999        0.3148981288329527
       -0.7095760707097597       -0.7046288373745575        0.5000000000512107
       -0.6962732399672584       -0.5226736486736939       -0.5000000000000000
       -0.6461437208162616       -0.6004942861668717       -0.3028963700349480
       -0.6786388027197376       -0.5378352856356236       -0.1050251227874461
       -0.6717889814313007       -0.4829606004016183        0.0532145257489721
       -0.6474138633483290       -0.5635459777602377        0.2041201178803810
       -0.6923588873882759       -0.4706110942996437        0.3471267140494328
       -0.6622679583513559       -0.5573413024988231        0.5000000000000000
       -0.6581765945441692       -0.3867116340467733       -0.5000000000000000
       -0.6775947493230275       -0.3165940344554406       -0.3286187644642765
       -0.6678570547933196       -0.4352241162200322       -0.1929363033959893
       -0.6550278224701728       -0.3352717252631559       -0.0600438044866396
       -0.6537734436236597       -0.3582136718532561        0.1843552347181639
       -0.6349741109552001       -0.2555580846013579        0.3607953433670950
       -0.6581414980175689       -0.3638315604187581        0.5000000000000000
       -0.6351356007317682       -0.2196965455620902       -0.5000000000000000
       -0.6282096734339251       -0.1403650409000791       -0.3482371902704757
       -0.6275950569385016       -0.2209822902291134       -0.2009161897798728
       -0.6221093006207210       -0.1655371566462124       -0.0609710183017133
       -0.6427959659814905       -0.1940293179223255        0.0885963284209349
       -0.6450574025900131       -0.1682973341424961        0.2503996748620134
       -0.6163691241718667       -0.1833786842261730        0.5000000000000000
       -0.6497416474108133       -0.0368190062681881       -0.5000000000000000
       -0.7291990610718607       -0.0337388631364977       -0.3392155095094174
       -0.6349072754133261       -0.0123793638716719       -0.1942753813012624
       -0.6996336597248196       -0.0363947255434182       -0.0455643213977282
       -0.6607103637218442       -0.0190757080410800        0.1237502629866295
       -0.6526324527734623       -0.0153978733698470        0.3194312647110892
       -0.6984002056442905       -0.0552984587491801        0.5000000000000000
       -0.6943186448183329        0.1065865113164753       -0.5000000000000000
       -0.6347093975647569        0.1107003802716597       -0.3487349391108668
       -0.6964187792126021        0.1316984806410315       -0.1759801827002409
       -0.6450622872646259        0.1111710595551342       -0.0072096487426471
       -0.6867607296864574        0.1268422917093888        0.1811664945297454
       -0.6731578624949519        0.1526939368523434        0.3669606113194203
       -0.6509947819608334        0.0920793155941755        0.5000000000000000
       -0.6297071375331892        0.2431323685636606       -0.5000000000000000
       -0.6046776121973184        0.2937758985907236       -0.3788553892956302
       -0.6107365879523676        0.2636049424198971       -0.2245138090082572
       -0.6057466565415149        0.2691960182745037       -0.0630463122837065
       -0.6091732516835136        0.2671481984299311        0.1038668178740855
       -0.6050839672511040        0.2563686381378348        0.2773930609671834
       -0.6103024612974491        0.2720371331990512        0.5000000000000000
       -0.6830192893534178        0.4518874761775916       -0.5000000000000000
       -0.7373683577277453        0.4164969984830627       -0.3193302464254359
       -0.6871364167996941        0.4392149947198415       -0.1439783932358274
       -0.7343420171771390        0.4287241477178373        0.0300665675785848
       -0.6728645056358092        0.4360931756382467        0.1972840233846322
       -0.7166618283671043        0.5077434642012385        0.3286466630537470
       -0.7147214595475397        0.4206237007662960        0.5000000000000000
       -0.5895396819165083        0.6245573783673218       -0.5000000000000000
       -0.6233770270138618        0.5433188758485891       -0.3829083156032010
       -0.6253078602826738        0.5689291635677531       -0.2330157580179603
       -0.6136407886402577        0.5708136250405569       -0.0554980193457540
       -0.6279375976787542        0.5820984866745077        0.1240464278053523
       -0.5771794776429092        0.5990999095781977        0.3200364283096037
       -0.6166445170418359        0.5481388685036200        0.5000000000000000
       -0.7171172852131400        0.6969525091219191       -0.5000000000525449
       -0.6674942817286068        0.7446149230944304       -0.3211912963803757
       -0.6817043919836699        0.7316277208732423       -0.1386375886229786
       -0.6860697008819349        0.7275358173531887        0.0323929651210294
       -0.6777001043534178        0.7353384037341038        0.2076998066722698
       -0.6508227871825799        0.7592296751291402        0.3649784766374234
       -0.7081296628765342        0.7060824176313510        0.5000000000667375
       -0.5469623266628680       -0.8371572225887470       -0.5000000000500079
       -0.6133405413309845       -0.7898185743319887       -0.3302309913782219
       -0.5374774783107231       -0.8432781037764150       -0.1745521017866674
       -0.6148321651876160       -0.7886579795137485       -0.0044641635404430
       -0.5598630383322479       -0.8285851665999000        0.1543298980815406
       -0.5157296506399370       -0.8567513799135617        0.3367544288253623
       -0.5842540747045665       -0.8115708081135571        0.5000000000495650
       -0.5716114050644040       -0.6558113697677034       -0.5000000000000000
       -0.4760303966637760       -0.6807097862787492       -0.3377626027707160
       -0.5373183262437786       -0.6801653363072101       -0.1501127456810495
       -0.5851668042100910       -0.6364881745202818        0.0312756974754853
       -0.4965503022693995       -0.6815464405365870        0.1853097256362307
       -0.5751369038185211       -0.6495134514559955        0.3598238284261458
       -0.4954414122444489       -0.6872084148382306        0.5000000000000000
       -0.5045546206352913       -0.5386202622816966       -0.5000000000000000
       -0.5831229212695832       -0.4908525026835373       -0.3510159828999330
       -0.4960839978148493       -0.5587635860343652       -0.1990152132591343
       -0.5051999307288163       -0.4900557845277101       -0.0585503410144119
       -0.4890346656431675       -0.4988226354992693        0.1114974123562107
       -0.5121160913903618       -0.5126335584980880        0.2868718871398506
       -0.5240480051907466       -0.5186160471668851        0.5000000000000000
       -0.5094601239392198       -0.3828297168077822       -0.5000000000000000
       -0.5322398230857940       -0.3170128394951194       -0.3535645347241882
       -0.5098195127308744       -0.3713193499185407       -0.1911939545514129
       -0.5291504700218854       -0.3423334650152263        0.0169113731247409
       -0.5208955462792997       -0.3347451125159241        0.1949989765574571
       -0.5343796657010761       -0.3865640191042447        0.3518857265850243
       -0.5035805653799903       -0.3615064971410621        0.5000000000000000
       -0.4502791689244858       -0.2173675919506206       -0.5000000000485496
       -0.4604565084200320       -0.1948840779890266       -0.3037688591685569
       -0.4517967436696383       -0.2141954770986334       -0.1197929579275317
       -0.4558065461633976       -0.2055246762984755        0.0428009478024360
       -0.4562267275992600       -0.2045902564250572        0.2013784572794745
       -0.4441389237520781       -0.2296532527603866        0.3599977333496083
       -0.4562454782868212       -0.2045484377937949        0.5000000000849290
       -0.4930953397217027       -0.0828069198982557       -0.5000000000592277
       -0.4994718127126014       -0.0229762552559812       -0.3502899743966393
       -0.4963618955379969       -0.0602068821475307       -0.1863715739728221
       -0.4984494939888569       -0.0393459266284656       -0.0112841884992089
       -0.4967904926798318       -0.0565615274098036        0.1630589443575916
       -0.4939480949928990       -0.0775582326570559        0.3429224156868833
       -0.4982130185333205       -0.0422349157169118        0.5000000000716940
       -0.4920708900519463        0.0886918209937484       -0.5000000000531688
       -0.4814229489822340        0.1350257169490450       -0.3079507526857082
       -0.4874292008847848        0.1114126300058486       -0.1296717303494860
       -0.4854840207329540        0.1196046220384676        0.0503452439036285
       -0.4919829483332694        0.0891783524702243        0.2081242571329265
       -0.4914848922968919        0.0918836255483674        0.3541838877949131
       -0.4867997245868725        0.1141316264141067        0.5000000000777730
       -0.4442189234239035        0.2294984705673877       -0.5000000000658321
       -0.4118303690147484        0.2835414381658811       -0.3603882803537345
       -0.4290000550151435        0.2568247511378213       -0.1790816682330741
       -0.4204801124681496        0.2705484707381881       -0.0089670502567262
       -0.4312727970527426        0.2529896727582056        0.1666941757758363
       -0.4406800670017816        0.2362225191367353        0.3361497202925974
       -0.4329681570954227        0.2500771379955681        0.5000000000727958
       -0.5212553888045035        0.3962059302575425       -0.5000000000000000
       -0.5358029718443029        0.4161500643729673       -0.2922209481194323
       -0.5027665418190306        0.4082378901226116       -0.1376015931522279
       -0.5608694136007799        0.4179413107333979        0.0320684588183440
       -0.4889741516581037        0.3911235277864124        0.1957717979475731
       -0.5656676154182955        0.4002130468261094        0.3583059713426506
       -0.5033218942646660        0.4220752348592501        0.5000000000000000
       -0.4577662397107915        0.5346409314001452       -0.5000000000000000
       -0.4163562610375721        0.4892352076982440       -0.3543048464924266
       -0.4437240587571610        0.5504653133278308       -0.1586992140063167
       -0.4263920067260900        0.4927172992531408        0.0101737977643967
       -0.4739814872558197        0.5303924915640716        0.1859180357222504
       -0.4197586619552192        0.5107719657819387        0.3553690527211856
       -0.3825330597931176        0.5633625264267634        0.5000000000000000
       -0.4282274645543463        0.7219063569481916       -0.5000000000000000
       -0.4850682303290766        0.6578179263409368       -0.3386737938182166
       -0.5134460510414727        0.6955076904887527       -0.1779667753079430
       -0.4826503292212317        0.6649436025720856        0.0171837345399472
       -0.4769522274161708        0.7014599200495094        0.1962777451670705
       -0.4325681895099454        0.7217208540401194        0.3640792784918744
       -0.5164215677855808        0.6653580451854469        0.5000000000000000
       -0.5896837885363400        0.8076342180157028       -0.5000000000649774
       -0.5239228834804975        0.8517657025994372       -0.3633929432109473
       -0.5305421404800236        0.8476585616714284       -0.2173271911496395
       -0.5463347564514917        0.8375669130840171       -0.0521805771505997
       -0.5575134098746986        0.8301679334989317        0.1133156761122406
       -0.5285504910311536        0.8489018661958085        0.3112917664219300
       -0.5618627549612252        0.8272304664242026        0.5000000000613400
       -0.3682806865823535       -0.9297146529759909       -0.5000000000581230
       -0.4585306569513681       -0.8886785901751806       -0.3370765463186704
       -0.3546515774121850       -0.9349985340304278       -0.1738059933140262
       -0.4674119808489490       -0.8840396145868474       -0.0165234078357233
       -0.4154380001939169       -0.9096214967960605        0.1657278138344404
       -0.3403410887125455       -0.9403020489895573        0.3315156048871065
       -0.4363826823932330       -0.8997611646970933        0.5000000000461430
       -0.4253334516443616       -0.7760119113223357       -0.5000000000000000
       -0.3162818567450081       -0.7771434573148357       -0.3538192658766234
       -0.3880516304855089       -0.7861070603416154       -0.1894583558852807
       -0.3172842481359018       -0.7821226950561185       -0.0258704348179712
       -0.3505100430981786       -0.8054143562302174        0.1320800856812544
       -0.3821021576422483       -0.7776457225072854        0.3055106348006708
       -0.3637649265189325       -0.7894733250441515        0.5000000000000000
       -0.3648966758586934       -0.6532952192630395       -0.5000000000000000
       -0.3002287076520331       -0.6008998459237624       -0.3350176213496477
       -0.3279790482083121       -0.6666475864268616       -0.1703246489747726
       -0.4381194157841092       -0.6818482755228489       -0.0018119502777127
       -0.3026320451363652       -0.6701013429258393        0.1462701129041938
       -0.3921011577929158       -0.6545230304797263        0.3415506268546570
       -0.2935550564839880       -0.6529284423461511        0.5000000000000000
       -0.3377019544360134       -0.5035483109496762       -0.5000000000000000
       -0.4243152302134220       -0.4907756184851771       -0.3412661773225349
       -0.3427224262049348       -0.5084671937705049       -0.1678414890309973
       -0.3404196650934517       -0.5437696031674576        0.0023668184534720
       -0.3502616718839339       -0.5322748668367436        0.1896643764523660
       -0.3681226420798026       -0.4919779146256754        0.3631395381388213
       -0.3711762861035383       -0.5311988620282313        0.5000000000000000
       -0.3492052212438128       -0.3578487298633445       -0.5000000000752070
       -0.3661844555190239       -0.3404540270524583       -0.3596240833725369
       -0.3581043460214384       -0.3489430861419465       -0.2063881586949628
       -0.3502546585115622       -0.3568216280209837       -0.0428213365135843
       -0.3519062299423212       -0.3551929128343950        0.1208023364438720
       -0.3538798632218753       -0.3532266162197673        0.2955520957540281
       -0.3512844828552797       -0.3558078300556839        0.5000000000401537
       -0.3323143947092636        0.3735868615055976       -0.5000000000552823
       -0.3303015137064087        0.3753676997868292       -0.2567413422686791
       -0.3074307014746885        0.3943175925453757       -0.1018096750141537
       -0.3209323576080250        0.3834089485790301        0.0752608140309999
       -0.3041474686727429        0.3968555370660247        0.2194178465096307
       -0.3602216491075556        0.3467569228065001        0.3471676373221252
       -0.3304203064301033        0.3752631357351054        0.5000000000727981
       -0.3086705886164476        0.5770797234563932       -0.5000000000000000
       -0.2847060126814940        0.6386796764152850       -0.3657818280918161
       -0.3204010488455774        0.5734879414670681       -0.2241747396376182
       -0.2833969634349265        0.6026660211260670       -0.0454740209831071
       -0.3271864398848173        0.5796071801306780        0.1309193721611650
       -0.3064235022148023        0.5974906383418814        0.3029178394139901
       -0.2366406802643419        0.6285199178045981        0.5000000000000000
       -0.2795118364137020        0.7893225659286011       -0.5000000000000000
       -0.3589926624027596        0.7661577427331310       -0.3021714993332417
       -0.3690991332277813        0.7443956530717166       -0.1118837992707112
       -0.3399375727290954        0.7690793784682685        0.0669127338814558
       -0.3053017610930787        0.7683388303062687        0.2223617700082797
       -0.2468718267667740        0.7904776632367837        0.3641329232379796
       -0.3517191523081842        0.7649731206126938        0.5000000000000000
       -0.4290978065916997        0.9032580320320613       -0.5000000000787687
       -0.3586208555306696        0.9334833056774240       -0.3484057912393937
       -0.3890118621848361        0.9212327453360991       -0.1737348247788083
       -0.4056201410141008        0.9140417393115596        0.0033540286421228
       -0.4260165270120203        0.9047153799469846        0.1781886630525756
       -0.3688662034353798        0.9294825033120145        0.3345926753381668
       -0.4313941011941827        0.9021635824774432        0.5000000000372055
       -0.1882670934616217       -0.9821178655742918       -0.5000000000570330
       -0.2820800620236326       -0.9593908685247862       -0.3439489389864831
       -0.1871189568676146       -0.9823372615919418       -0.1709096163107358
       -0.2964209577975398       -0.9550573883485013       -0.0002266267987233
       -0.2437687376042095       -0.9698333888351294        0.1653886844292365
       -0.1712169412385141       -0.9852333523676550        0.3347730043859226
       -0.2710491777142766       -0.9625655012587440        0.5000000000533413
       -0.2391694743535958       -0.8103752584760348       -0.5000000000000000
       -0.1974773948263730       -0.8112351297867580       -0.2620263851990917
       -0.1884158299008598       -0.8192341957671064       -0.1105812402241960
       -0.1626582243834279       -0.8128521483483565        0.0712573180202939
       -0.1855692843079571       -0.8094553874412446        0.2324874983998890
       -0.2217851407559040       -0.7882069822505373        0.3769268096284967
       -0.1749949587273810       -0.8223808652153997        0.5000000000000000
       -0.1957253821441024       -0.6375084435546617       -0.5000000000000000
       -0.1456348497853202       -0.6736055774686472       -0.3631962980305450
       -0.1681482493726440       -0.6181417468664320       -0.2038687520512554
       -0.1981458804924315       -0.6403164851839188       -0.0283954445897696
       -0.1491677069171682       -0.6263885929630912        0.1405564642403491
       -0.2210791093156051       -0.6225982207445523        0.3150935422106876
       -0.1574765046913981       -0.6215895263369917        0.5000000000000000
       -0.1969895005354984       -0.4595597202517491       -0.5000000000479634
       -0.2351957211217753       -0.4412289346427862       -0.3207992778127299
       -0.1994788260109884       -0.4584846758325493       -0.1304907114094006
       -0.2116918667109069       -0.4529752240117020        0.0565996992396782
       -0.2084624225652344       -0.4544704813056989        0.2202731064496576
       -0.2079770144242575       -0.4546928211236524        0.3721969605078680
       -0.2103973748814163       -0.4535779366339712        0.5000000000950684
       -0.1877414835841331        0.4634146472314960       -0.5000000000693765
       -0.2268742724420609        0.4455648824850154       -0.3540201856252780
       -0.1758997167696574        0.4680377011226710       -0.1724652845665972
       -0.1823162664371469        0.4655757500046789        0.0119171731433617
       -0.1677409949843414        0.4710233100527788        0.1900625976906671
       -0.2108874134074132        0.4533503048044976        0.3598475747849333
       -0.2065190493922424        0.4553568735096417        0.5000000000837869
       -0.1567549593078325        0.6629560341082603       -0.5000000000000000
       -0.1822393376588969        0.8157826181802261       -0.3508399782108870
       -0.1921791890641329        0.6757416043603036       -0.1916753396817143
       -0.1968726329200499        0.7983380107047284       -0.0099166143304888
       -0.1863703834409590        0.6425876783262804        0.1159053398315131
       -0.1546402885858195        0.6469049233151835        0.3053241846327235
       -0.1687133781415199        0.8234263696413259        0.5000000000000000
       -0.2610849031347143        0.9653158414226889       -0.5000000000295731
       -0.2186749367094215        0.9757977617687780       -0.2833202019670883
       -0.2408330931392186        0.8466824493810797       -0.1797555286018015
       -0.2556748142696828        0.9667628402809881       -0.0455623534719611
       -0.2696045383362099        0.9629711277647526        0.1463717530548997
       -0.2024010468417506        0.9793027194067029        0.3280580624201506
       -0.2742871539202117        0.9616478338996308        0.5000000000511662
       -0.0166146683871307       -0.9998619662662516       -0.5000000000562342
       -0.1091495460406042       -0.9940253390150432       -0.3284500049927576
       -0.0133253948678737       -0.9999112128778902       -0.1522169546096929
       -0.1250214927433264       -0.9921540332707676       -0.0021355699187766
       -0.0773441272225623       -0.9970044563512143        0.1603162976533767
        0.0017917146330397       -0.9999983944451611        0.3340029267058685
       -0.0983445852070231       -0.9951524211601077        0.5000000000563084
       -0.0927805008343233       -0.8183561156817938       -0.5000000000000000
       -0.0547989015337264       -0.8392598529858124       -0.3718528239708873
       -0.0161988350463351       -0.8548061327595814       -0.2165152909602697
       -0.0227168228755316       -0.8322427118986299       -0.0179900543542302
       -0.0019193374831157       -0.8788363266875158        0.1763119439974047
       -0.0381533573714170       -0.8268630341210903        0.3406367405198307
       -0.0030773096559693       -0.8684495799324753        0.5000000000000000
       -0.0219547895975681       -0.6613181870748455       -0.5000000000000000
        0.0090714800790729       -0.6667455317537464       -0.3115953662500849
       -0.0493660952046492       -0.7042886625218489       -0.1472574597172661
       -0.0112908184379351       -0.6364839155130020       -0.0007234649440308
       -0.0106416013298237       -0.7321175672048508        0.1567417094407100
       -0.0643306541662049       -0.6576293996292607        0.3178960556401433
       -0.0390631555604937       -0.7065380165355458        0.5000000000000000
       -0.0563174150187129       -0.4968182250663414       -0.5000000000619887
       -0.1033191151150696       -0.4892087085080357       -0.3225634875737757
       -0.0251222127488522       -0.4993684756035381       -0.1670980119138206
       -0.0697446082580024       -0.4951117950715149        0.0026616836710791
       -0.0496449301301111       -0.4975292764374539        0.1853799698556180
       -0.0465180634850837       -0.4978313667996401        0.3549969062630793
       -0.0443045992392343       -0.4980332342545810        0.5000000000778073
       -0.0490370822781287        0.4975895542686455       -0.5000000000414401
       -0.0818172923927646        0.4932605099392378       -0.3180113050502621
       -0.0374369373967771        0.4985965059227249       -0.1279279216065223
       -0.0310278466830144        0.4990363441130541        0.0534865815395532
       -0.0060164525450084        0.4999638009884053        0.2059059908113205
       -0.0589741252321246        0.4965098715565540        0.3546927931252059
       -0.0590361580050657        0.4965024995085578        0.5000000000738527
        0.0116884082633184        0.6770648297135328       -0.5000000000000000
       -0.1057629756698739        0.6451792970618045       -0.3501891276034972
       -0.0067317423668958        0.6588199665673247       -0.2139609450155436
       -0.0913099508955719        0.6531797296445733       -0.0390411033549644
       -0.0437130935275010        0.6822621123714849        0.1542658272313626
        0.0059638561123442        0.6777519086806054        0.3440708837032526
       -0.0918550161915728        0.6688256137519945        0.5000000000000000
       -0.0888157451128183        0.8371545714576462       -0.5000000000000000
       -0.0020123137718106        0.8247203414382652       -0.3342254242364663
       -0.0768415973038418        0.8249510108059256       -0.1660166069720673
       -0.0208932335773018        0.8293054001880814        0.0196307459550840
       -0.1537154166055204        0.8314186911146496        0.1727928266830919
       -0.0754400648676266        0.8343432852995810        0.3384944308239554
        0.0131097955054144        0.8380921422548778        0.5000000000000000
       -0.1181199877177762        0.9929993292977969       -0.5000000000533968
       -0.0760367930723135        0.9971050124511788       -0.3420084338310702
       -0.1063382629454705        0.9943300123178764       -0.1335537103390108
       -0.1054084298377331        0.9944290135143604        0.0414857958114370
       -0.0800696276629812        0.9967892726140709        0.2058905389680135
       -0.0059556623001246        0.9999822644558495        0.3535307161524875
       -0.1001580263040037        0.9949715418609740        0.5000000000532008
        0.1669746370397304       -0.9859611914179053       -0.5000000000548244
        0.0711207230820667       -0.9974677150055169       -0.3359601439990788
        0.1587309541897566       -0.9873218743140948       -0.1772301241276895
        0.0647089921021110       -0.9979041769334013        0.0053135195886542
        0.1218678231984335       -0.9925463379260504        0.1702576751281455
        0.1767703137444652       -0.9842521298445593        0.3254846851599796
        0.0915652141564942       -0.9957990817144737        0.5000000000543119
        0.0792531147455293       -0.8447397939967078       -0.5000000000000000
        0.1332023368225989       -0.8180954887066940       -0.3318895622590887
        0.1221927118560368       -0.8364018420367432       -0.1208435510361836
        0.1416369423736319       -0.8485019333319377        0.0566497817658221
        0.1684662994478332       -0.7927047778625014        0.2077619523998545
        0.1429355179116736       -0.8546000604985388        0.3519988384927028
        0.1390660084733633       -0.7978532283493216        0.5000000000000000
        0.1143988991898104       -0.6740903891104052       -0.5000000000000000
        0.1806186818198228       -0.6392362785562049       -0.3514648837147343
        0.1155516474761867       -0.6585166917790308       -0.1693384767970316
        0.1363381358926461       -0.6882421659171077        0.0163317307518571
        0.0896771231053304       -0.6194567839873965        0.1819373896785055
        0.1061001017048907       -0.6793601032381317        0.3455992159485095
        0.0847272846713841       -0.6306385895293732        0.5000000000000000
        0.1029356261477084       -0.4892895430005710       -0.5000000000741013
        0.0509682315269841       -0.4973954557241268       -0.3498280405733785
        0.1402820709292601       -0.4799176393693605       -0.2158434088698200
        0.1134617821306960       -0.4869562855079771       -0.0551039353273039
        0.0990561798663750       -0.4900896583588358        0.1014133593891602
        0.1090468854108815       -0.4879639093029177        0.3093213172003678
        0.1156718468456703       -0.4864360428876507        0.5000000000367076
        0.0950875314280034        0.4908750974232914       -0.5000000000512665
        0.0591547998825584        0.4964883781629278       -0.3190155149446265
        0.1134712069559926        0.4869540894341832       -0.1596464968161949
        0.1110538089268808        0.4875110783590788        0.0059969732970261
        0.1458585582050730        0.4782523193862601        0.1754436164008992
        0.1026215711957328        0.4893555079135405        0.3551642855344296
        0.0914711451944217        0.4915618268256082        0.5000000000805310
        0.2028329640525070        0.6400417982600730       -0.5000000000000000
        0.0864486904701483        0.6567801532127971       -0.3752065782162158
        0.1710806557730793        0.6635693015427213       -0.2337409654039484
        0.0848066067333307        0.6658221722514273       -0.0675490245563341
        0.1008564042385306        0.6618353344748078        0.0979409086791220
        0.1254199856211640        0.6541269954457000        0.2629631681325167
        0.0751618932961754        0.6690964008854444        0.5000000000000000
        0.0972078778524670        0.8280950335347761       -0.5000000000000000
        0.1726426510828405        0.8229380747062726       -0.3257798958185315
        0.0855646649176795        0.8336801901616283       -0.1543243959517410
        0.1461447912072431        0.8293944432444519        0.0289028724108646
        0.0437422501215010        0.8372889720622152        0.2024490389069756
        0.1268369822211593        0.8289062665352547        0.3665486038971302
        0.2128386769299424        0.8120487579560880        0.5000000000000000
        0.0439263483965673        0.9990347717429579       -0.5000000000666273
        0.1191395156549308        0.9928775227267117       -0.3566309317307025
        0.0340313954427749        0.9994207636973167       -0.2157370721376468
        0.0771735957861523        0.9970176706234323       -0.0452780807550807
        0.0713274176388557        0.9974529555723132        0.1208599709454637
        0.1404340302512271        0.9900900377082001        0.2965492340804657
        0.0881353798701117        0.9961085052928561        0.5000000000473659
        0.3391207521483844       -0.9407428532313306       -0.5000000000395738
        0.2580244594862885       -0.9661383846565712       -0.3414380906052492
        0.3211329576314415       -0.9470341195135912       -0.1624942889332744
        0.2566958700519099       -0.9664922298178569       -0.0025464033063414
        0.2905007695560747       -0.9568747581190998        0.1693775864244539
        0.3366712573156520       -0.9416222514880891        0.3462190983859695
        0.2520480524451069       -0.9677147201642611        0.5000000000639462
        0.2478273395162464       -0.8024040340215894       -0.5000000000000000
        0.3372978020635731       -0.7710689331204390       -0.3697285672869854
        0.2543029690075865       -0.7932553329803855       -0.2264703520404095
        0.2924098426372324       -0.7867920379552599       -0.0563974688402763
        0.3051751438340249       -0.7880160918460534        0.1130601027767032
        0.3213641383332846       -0.7797588976732702        0.3166613728650254
        0.2851623804985011       -0.8015438992318951        0.5000000000000000
        0.2726186108056409       -0.6177340604510919       -0.5000000000000000
        0.2982335522150589       -0.6080449563668877       -0.2647178202126216
        0.2717988515803754       -0.6106337520915402       -0.1115236007550762
        0.2682475728951897       -0.6105305553635421        0.0610644956011179
        0.2569179302308601       -0.6185683680339416        0.2205521531320086
        0.2730878540571433       -0.6162436533275343        0.3785849124885561
        0.2502437742980635       -0.6286004523879392        0.5000000000000000
        0.2437813172473272       -0.4365440061626247       -0.5000000000804338
        0.2258713287173173       -0.4460741450291348       -0.3548191952028548
        0.2753596228241096       -0.4173452744845524       -0.1706564077591008
        0.2531686353785452       -0.4311677655629712        0.0001830278994351
        0.2383313201521116       -0.4395431512770409        0.1721066858436136
        0.2478203931068765       -0.4342638055076768        0.3471413731213014
        0.2513031051659774       -0.4322577347912067        0.5000000000712371
        0.2364269494130570        0.4405704229269740       -0.5000000000455409
        0.2030970829104252        0.4568933955675830       -0.3278276732239432
        0.2553717562400569        0.5645175249678013       -0.1572673702898857
        0.2406790266246158        0.4382620291027104        0.0045959646083147
        0.2628082647542947        0.5590886078882253        0.1541987523723051
        0.2425003499137220        0.4372568813543389        0.3318979329847162
        0.2363707363136814        0.4406005843934465        0.5000000000618759
        0.2620323094860368        0.7983646633685914       -0.5000000000000000
        0.2814573980274823        0.6364628755651704       -0.3587541458416840
        0.2477787392973120        0.7883093801991058       -0.1356480148965471
        0.2573303520314860        0.6475879157308063       -0.0060531879979349
        0.2213514416934802        0.7992997512057327        0.1991394673797557
        0.2497327366867117        0.6419207622285357        0.3479443340388050
        0.2216794911435009        0.6331327669866951        0.5000000000000000
        0.2249236987641400        0.9743763797918537       -0.5000000000698512
        0.3039306660135661        0.9526941535752962       -0.3444570230020796
        0.2125949553502396        0.9771404121003439       -0.1919237022388211
        0.2692549570055976        0.9630689321787480       -0.0313443304824924
        0.2395586358263283        0.9708818980705267        0.1351021836448860
        0.2923016370935861        0.9563261749802781        0.3286261803080655
        0.2369770144004457        0.9715152570104199        0.5000000000362097
        0.4754407187363694       -0.8797477609321828       -0.5000000000595759
        0.4246548631910192       -0.9053553153808744       -0.3038595703682412
        0.4644204092366611       -0.8856148618245135       -0.1183729356720594
        0.4389457482828446       -0.8985135667195721        0.0375114402233352
        0.4518747080328243       -0.8920814134596966        0.2062137503192422
        0.5053165337796710       -0.8629340648735164        0.3657332502346429
        0.4285604974891216       -0.9035130876161648        0.5000000000795374
        0.4335398720127084       -0.7277684754139622       -0.5000000000000000
        0.4903736555789125       -0.6639125174129991       -0.3340005657883115
        0.4239437120250055       -0.7302575043196587       -0.1892730967215821
        0.4379184833968091       -0.7026327251842976       -0.0094913974597625
        0.4296793636234783       -0.7050023998115292        0.1724377451095685
        0.4712695844206267       -0.6794317579732518        0.3537572109265176
        0.4206056463711806       -0.7202377347464769        0.5000000000000000
        0.4176331781434581       -0.5494830399644262       -0.5000000000000000
        0.3788743775262414       -0.5141584164285545       -0.3665453600179015
        0.4509270109516861       -0.5287380080061767       -0.2075497415552202
        0.4045143146525671       -0.5213962020814865       -0.0596729304533282
        0.4108633654059853       -0.5185667882997669        0.1106369248860634
        0.3942232337628023       -0.5235057780179841        0.2832074758434655
        0.4032512352323660       -0.5318138732035834        0.5000000000000000
        0.3551580344774266       -0.3519414305364409       -0.5000000000462729
        0.3564146524584943       -0.3506687832027406       -0.2952627437451978
        0.3854049726274671       -0.3185325840067564       -0.0977029282679666
        0.3733932688173398       -0.3325319034346959        0.0513021846254020
        0.3655834234529992       -0.3410993410963808        0.2131842239937680
        0.3756412311885856       -0.3299904020351687        0.3627299747522738
        0.3695732328818845       -0.3367723644843568        0.5000000000812918
        0.3546467157210538        0.3524566738810267       -0.5000000000635682
        0.3534509600050246        0.3536557915158812       -0.3432905171451170
        0.2892679152028517        0.4078284850696378       -0.1621777229058645
        0.3660256692746078        0.3406247340286307        0.0173105568035358
        0.3196674537754964        0.3844641972885002        0.1773892630967772
        0.3756235566354858        0.3300105206443052        0.3350966624222440
        0.3490147733663678        0.3580344787229668        0.5000000000528904
        0.3738595605732851        0.5621497002606057       -0.5000000000000000
        0.3759853510538222        0.4988306493259866       -0.3237279215835309
        0.3814960531525132        0.6311017147253012       -0.1830390686776359
        0.3917105712873662        0.5283409365976864       -0.0155577284427921
        0.3505928219769919        0.6612919604461762        0.1761505171262275
        0.3847650095728514        0.5314453795704104        0.3105492389071524
        0.3643629102393743        0.5684920052889129        0.5000000000000000
        0.4065791629733477        0.7282762483361910       -0.5000000000000000
        0.3336551485757731        0.7821351696531935       -0.3079120278627860
        0.4218837461124723        0.7611444249515719       -0.1337979920821495
        0.3172848868159580        0.7987783829237912        0.0380789885724719
        0.4277029243140528        0.7797061601727748        0.1848451296484930
        0.3165235724162163        0.7929357560254442        0.3410340553319861
        0.3868088537955587        0.7458787519639645        0.5000000000000000
        0.3985878671115815        0.9171301502982254       -0.5000000000673008
        0.4724710347960036        0.8813461974826785       -0.3463825507094156
        0.3895238182568780        0.9210163923680094       -0.1754300110257469
        0.4470120969514665        0.8945279113930674        0.0019759848620424
        0.3964085741592830        0.9180742030647655        0.1809293594898495
        0.4664978742500336        0.8845223192888917        0.3567120866090179
        0.3957499346811559        0.9183583114927726        0.5000000000627099
        0.6318240489279132       -0.7751118445418999       -0.5000000000668452
        0.5524534892615177       -0.8335437253356984       -0.3614920573521372
        0.6023592406293706       -0.7982251218481212       -0.2145340924386674
        0.6049292590520663       -0.7962792170732060       -0.0582786190967087
        0.5945795327586343       -0.8040368018517776        0.1014930500267841
        0.6059225219773050       -0.7955236623511976        0.2497177535371727
        0.5949855000641598       -0.8037364335908329        0.5000000000752298
        0.5725620470764036       -0.6041246162261150       -0.5000000000000000
        0.6324683118370544       -0.5822524498997695       -0.3290054811244981
        0.5762618387444908       -0.6228274463649546       -0.1395180843883690
        0.5700314133708512       -0.6155962010610754        0.0345869657691511
        0.5544253230218260       -0.6132149247111431        0.2007098583514105
        0.6415469531888344       -0.5815646546658300        0.3297127383968144
        0.5637915466227662       -0.6152858838090588        0.5000000000000000
        0.5000206076849957       -0.4069271338125238       -0.5000000000000000
        0.5363410839599696       -0.4411495223917747       -0.3569705391069292
        0.5038465158019144       -0.3766952547142990       -0.1882421475069055
        0.5375277602943268       -0.4505706503484460       -0.0263898290074439
        0.5354922052453973       -0.4059195934609914        0.1841928433231627
        0.5139376630461476       -0.4801944177213457        0.3564542761719510
        0.5291289154327978       -0.4028502983138519        0.5000000000000000
        0.6111864393529053       -0.3133194070470092       -0.5000000000000000
        0.6276506531549214       -0.2944288141801947       -0.3004830983295226
        0.6331451340793978       -0.2857089896054181       -0.1252113183963508
        0.5756451412167393       -0.3263790387810885        0.0333989833178806
        0.6241491781595858       -0.2393107933639826        0.1903991798596963
        0.5835027950506714       -0.3242572824652334        0.3465145648862293
        0.6201891449826328       -0.2593480654168877        0.5000000000000000
        0.4560490413738327       -0.2049860284700597       -0.5000000000729550
        0.4322246053614696       -0.2513600813974284       -0.3656867287063548
        0.4599095557257136       -0.1961713550755480       -0.2139147350619381
        0.4672808255076934       -0.1779006186409946       -0.0517792693550327
        0.4534864263566374       -0.2105945419764863        0.1330428755009261
        0.4580021374532692       -0.2005842518450457        0.3165189736565131
        0.4562806061154912       -0.2044700674334344        0.5000000000490185
        0.4952893677224916       -0.0684722002226271       -0.5000000000661797
        0.4948952484680811       -0.0712649496156160       -0.3331715424955046
        0.4993588482501674       -0.0253128559089314       -0.1659034851539254
        0.4966853311083492       -0.0574776640251634        0.0397053939808783
        0.4962634606651108       -0.0610129298484179        0.2093362818364895
        0.4983629258257207       -0.0404276410692889        0.3674230417152700
        0.4962358244016111       -0.0612372965523066        0.5000000000833702
        0.4923199417616361        0.0872987680738352       -0.5000000000699257
        0.4936945261016237        0.0791562688439339       -0.3515623617965749
        0.4785159973678313        0.1449911730900151       -0.1990823681296819
        0.4932651903324481        0.0817890702397188       -0.0355182854465565
        0.4891319071989988        0.1036820976484588        0.1320944717116396
        0.4883711426483051        0.1072083346997648        0.3077959802362840
        0.4892503368779705        0.1031218103418535        0.5000000000459334
        0.4470387683184737        0.2239561107068806       -0.5000000000632304
        0.4418683344052070        0.2339922542520760       -0.3404364746510228
        0.3963966372609804        0.3047453132833822       -0.1720439955655441
        0.4478872003750750        0.2222544841846334       -0.0284664116995294
        0.4348793540071730        0.2467386217403023        0.1665518013340758
        0.4980512603107887        0.2508791655863975        0.3447755871502287
        0.4390671501953815        0.2392071018542671        0.5000000000671658
        0.5576352096918951        0.3121799004978275       -0.5000000000000000
        0.5580492599262501        0.3889390605600582       -0.3358275444120822
        0.5655802973068170        0.3222309395158016       -0.1815353913814455
        0.5458262776275262        0.3998096398968730       -0.0097885095106003
        0.5361464093427257        0.3752640188046090        0.1822395568946306
        0.6453666250954045        0.3584506555584240        0.3409498390548723
        0.5587870672309853        0.3649462857981182        0.5000000000000000
        0.4990394235384636        0.4638309395029035       -0.5000000000000000
        0.5165487257526487        0.5454625990685154       -0.3238842488248027
        0.4762685228154167        0.4763739255187577       -0.1562318694809537
        0.6011968946413883        0.5741155649343408       -0.0144519453260303
        0.4560845243927101        0.5053733495637071        0.1282325960007083
        0.5062956701122449        0.4550510275042848        0.3258420002081802
        0.4825267580631639        0.4940287361182659        0.5000000000000000
        0.5670093404097416        0.6258227132454518       -0.5000000000000000
        0.4764509860064916        0.6920331150547513       -0.3440690049699409
        0.5723416799936640        0.6432505729455782       -0.1830128269319787
        0.4657706342721634        0.6820414713606165        0.0106364497310960
        0.5502455543652515        0.6388997483004051        0.1773007197588106
        0.4633948939265518        0.6794845612373459        0.3493446868387757
        0.5499201443533875        0.6507700412312185        0.5000000000000000
        0.5585733751725320        0.8294551136022783       -0.5000000000609071
        0.6326771122944618        0.7744156968476275       -0.3420832499119232
        0.5594221471031312        0.8288828991013879       -0.2068229314045900
        0.5950838605679550        0.8036636100852387       -0.0502833673695312
        0.5744178827758223        0.8185622125092055        0.1168233030071044
        0.5793162632176871        0.8151028565513015        0.2829430460387025
        0.5681095197352100        0.8229529592068161        0.5000000000527399
        0.7578905741866160       -0.6523816965651291       -0.5000000000404262
        0.6961530720388019       -0.7178933763756958       -0.3322696758432755
        0.7499664932962703       -0.6614758188572696       -0.1566882312642212
        0.7233062054385198       -0.6905274311525429        0.0133658138846543
        0.7388061719299966       -0.6739179774151675        0.1847747660618765
        0.6751206298011982       -0.7377073506593474        0.3653711374802147
        0.7401389463907236       -0.6724539686021586        0.5000000000717273
        0.6817069406654427       -0.4826731960209462       -0.5000000000000000
        0.7348246881001924       -0.4167731966515122       -0.3614920772143499
        0.6615079197770894       -0.4785115000769023       -0.2014698932937743
        0.7056290348838413       -0.4749873810407373       -0.0459921957754391
        0.6712016392269010       -0.5074083968763624        0.1310491971298517
        0.7105553076837324       -0.4319040134610201        0.3092721961089708
        0.6739816420042799       -0.4933326109262315        0.5000000000000000
        0.7886703494073222       -0.3175779983215087       -0.5000000000000000
        0.8084397445357777       -0.2351478048275177       -0.3699949470506228
        0.7886487519350238       -0.3498801841743364       -0.1939281347718761
        0.7848368281539697       -0.3117498674782572       -0.0127608173515518
        0.7447253597078525       -0.3643118175587701        0.1361970070696820
        0.7877079508113319       -0.2829438111974526        0.3121710640096912
        0.7519471851751255       -0.3585353100621543        0.5000000000000000
        0.6651872678749912       -0.1739941634645812       -0.5000000000000000
        0.6115782981808264       -0.1638415654076754       -0.3556747162243842
        0.7999767896451384       -0.1876328815933575       -0.2258718602858670
        0.6562815178480732       -0.1766607275809514        0.0158985615881148
        0.8174272783082543       -0.1894175553428168        0.1400439947574272
        0.6487291380729702       -0.1609339076921057        0.3277045983053458
        0.8155753523302947       -0.2010754240641922        0.5000000000000000
        0.6606877208219012       -0.0141230528665424       -0.5000000000000000
        0.7355159327547542       -0.0492562918141877       -0.3483027101714237
        0.6459257206254267       -0.1177198317168077       -0.1833369338557020
        0.6698786306557084       -0.0268171328588521       -0.0477185667255792
        0.6706120119685465       -0.0731077969053652        0.1466733684365255
        0.6877026461040019       -0.0155235831569571        0.3415340035805283
        0.6639927282497124       -0.1133530644680273        0.5000000000000000
        0.6505715605111383        0.1412162522199160       -0.5000000000000000
        0.6519701628469400        0.0513913079442401       -0.3049350211192218
        0.6586721045256483        0.0901458663365616       -0.1582683291556077
        0.6731979846221089        0.1043561523696991        0.0480358343282448
        0.6613358782695838        0.0667526242242505        0.2130530330946167
        0.6598842945646751        0.1616597246575965        0.3723771641652001
        0.6630960093175505        0.0510541652301728        0.5000000000000000
        0.7013737756324138        0.2919513967183470       -0.5000000000000000
        0.6369662035726577        0.2230645389895794       -0.3177086607165887
        0.6449944978347580        0.2285753934235339       -0.1003921549048805
        0.6089158178054697        0.2612568170787319        0.0574874774743728
        0.6375375533902439        0.2233984019091054        0.2122297422820224
        0.8031210622757581        0.2657984946496263        0.3183002954946186
        0.6370264680866389        0.2300022336844214        0.5000000000000000
        0.8284734840380781        0.2609712553695734       -0.5000000000000000
        0.7517980542843200        0.3697417467815015       -0.3463500906005196
        0.7687015275583395        0.3327569673321367       -0.1889617738693850
        0.7975767283205130        0.2733666342987854       -0.0068669413322966
        0.7525457258725851        0.3534760865054604        0.1560655534548832
        0.7435657474343554        0.4561526978639753        0.3266214190470115
        0.7663032549064904        0.3485894004137475        0.5000000000000000
        0.6902918811094235        0.4637516815959679       -0.5000000000000000
        0.6668886523562055        0.5548100819708744       -0.3562883801399410
        0.6686335716054601        0.4840404714831806       -0.1850408415491109
        0.7213562308270076        0.4256624926894363       -0.0202700917227692
        0.6604299043153095        0.5042560060678083        0.1538314402450145
        0.6093878419051318        0.5726193765057732        0.3370646307015681
        0.6717436050675728        0.5036945735592647        0.5000000000000000
        0.6961613095614806        0.7178853886206220       -0.5000000000586778
        0.7369876677085079        0.6759061893633661       -0.3149195109790975
        0.7090802397779086        0.7051277994495067       -0.1348321339625991
        0.7071613371520462        0.7070522209142659        0.0521554670289589
        0.7163471716421633        0.6977440287671929        0.2135648925754525
        0.6708959849908467        0.7415514664021382        0.3745777844009143
        0.7298608554355268        0.6835957369992601        0.5000000000709929
        0.8587828703241028       -0.5123397127795364       -0.5000000000420890
        0.8144428810232677       -0.5802437363302767       -0.3204827728239795
        0.8633168566326855       -0.5046622683080826       -0.1549267733219425
        0.8217466089326558       -0.5698530606285105        0.0197957876455001
        0.8558297387691464       -0.5172576323635395        0.1829168327744899
        0.8070130000404977       -0.5905336719998580        0.3417950204611175
        0.8482561661918394       -0.5295861375896928        0.5000000000586762
        0.9317486049299917       -0.3631040318521179       -0.5000000000377836
        0.9044772603889238       -0.4265218463450364       -0.3235485714165531
        0.9488296219263638       -0.3157884546179966       -0.1405332396143550
        0.9080114615983781       -0.4189453253031319        0.0108910024132961
        0.9360095868067954       -0.3519745064845116        0.1730808019971077
        0.9022174590492071       -0.4312814122899251        0.3385615325798687
        0.9255465274955804       -0.3786338940193014        0.5000000000616526
        0.9766051050255635       -0.2150406208898474       -0.5000000000649995
        0.9589058026414030       -0.2837246222924837       -0.3099099652904555
        0.8259042680954506       -0.1622817143896827       -0.0699521395081098
        0.9734760519464198       -0.2287889333056747        0.0170268875921448
        0.9809213277113068       -0.1944051152647149        0.2063698546644181
        0.9664190438403905       -0.2569712657106704        0.3512516736156438
        0.9747817612406904       -0.2231602980818100        0.5000000000643220
        0.8346657291482217       -0.1176682133438093       -0.5000000000000000
        0.8725171813960995       -0.0271199764545871       -0.3327962756139384
        0.8295950269393659       -0.0065431492284280       -0.1717447042240395
        0.8311770406979225       -0.0235886897820899        0.0363153001475717
        0.8446236427279622       -0.0113793134147434        0.2016244542705818
        0.8394014659439738       -0.1173566544763034        0.3405910202364376
        0.8322682011368344       -0.0142664907062251        0.5000000000000000
        0.8274795816255367        0.0635749582373883       -0.5000000000000000
        0.8087804312934443        0.1558306764763340       -0.3693074479554449
        0.8154104163479732        0.1767085713185847       -0.2202336771687503
        0.8280830171942627        0.1236186906271094       -0.0535325673796018
        0.8228823647990755        0.1648250929122161        0.1457156574817130
        0.8349281448725713        0.0902876472571792        0.3353512044087303
        0.8183046653783981        0.1715724928472514        0.5000000000000000
        0.9551154652247880        0.2962337727482950       -0.5000000000412402
        0.9769381407242297        0.2135225236129903       -0.3215064552682453
        0.9577300555169357        0.2876684563165159       -0.1386366205183131
        0.9712627674144115        0.2380097406294518        0.0241027437884845
        0.9513164348797176        0.3082158995375548        0.1783256118159961
        0.9670557052906538        0.2545648500182152        0.3383341158628327
        0.9686152581173386        0.2485648449480151        0.5000000000623165
        0.8918226647716474        0.4523851613855621       -0.5000000000528333
        0.9308638892518128        0.3653661443483980       -0.3192637522320608
        0.8931966941073791        0.4496661713267401       -0.1507360044488874
        0.9080552100452648        0.4188504911443623        0.0236234888410861
        0.8855222227786697        0.4645970221225319        0.2001586316693622
        0.9062633918841472        0.4227134543807782        0.3518653210758350
        0.9202425546456445        0.3913484903846306        0.5000000000666242
        0.7984156504545329        0.6021066760973299       -0.5000000000510859
        0.8541376971445257        0.5200469154795199       -0.3436801676870247
        0.8135448419007646        0.5815021841890707       -0.2009021825205631
        0.8128996004909127        0.5824038457305331       -0.0332522081242027
        0.8191583088549840        0.5735674895196230        0.1288280521180986
        0.8012802773234796        0.5982891584947932        0.3306916867215016
        0.8403887978683505        0.5419840122795159        0.5000000000489476
        0.9996192137837553       -0.0275939406906857       -0.5000000000555076
        0.9912162066632162       -0.1322513952509248       -0.3582353134886718
        0.9915991656747537       -0.1293487326305621       -0.1909944838915748
        0.9984738545269004       -0.0552264585860662       -0.0622453064128525
        0.9978718422091372       -0.0652057132961132        0.1222479312484804
        0.9983818315967428       -0.0568657872823943        0.3191533351191951
        0.9968045358380482       -0.0798793920849935        0.5000000000368934
        0.9908341025626489        0.1350843515783551       -0.5000000000319997
        0.9987843446164780        0.0492933357466564       -0.3112195050274143
        0.9940387538474338        0.1090273169872627       -0.1488609747974404
        0.9962124697919520        0.0869523670693129        0.0375419844482939
        0.9929141716487003        0.1188336978267337        0.1996970994536341
        0.9959342138170645        0.0900835195303268        0.3636113245674889
        0.9964881157376460        0.0837343060012748        0.5000000000820071
